segundo,calculo,timestamp,hora_minuto,valor_real,temp_aparente,precipitacao
0,0,1528379220,13:47,21,32.45,0
1,0,1528379221,13:47,21,32.45,0
2,0,1528379222,13:47,21,32.45,0
3,0,1528379223,13:47,21,32.45,0
4,0,1528379224,13:47,21,32.45,0
5,0,1528379225,13:47,21,32.45,0
6,0,1528379226,13:47,21,32.45,0
7,0,1528379227,13:47,21,32.45,0
8,0,1528379228,13:47,21,32.45,0
9,0,1528379229,13:47,21,32.45,0
10,0,1528379230,13:47,21,32.45,0
11,0,1528379231,13:47,21,32.45,0
12,0,1528379232,13:47,21,32.45,0
13,0,1528379233,13:47,21,32.45,0
14,0,1528379234,13:47,21,32.45,0
15,0,1528379235,13:47,21,32.45,0
16,0,1528379236,13:47,21,32.45,0
17,0,1528379237,13:47,21,32.45,0
18,0,1528379238,13:47,21,32.45,0
19,0,1528379239,13:47,21,32.45,0
20,0,1528379240,13:47,21,32.45,0
21,0,1528379241,13:47,21,32.45,0
22,0,1528379242,13:47,21,32.45,0
23,0,1528379243,13:47,21,32.45,0
24,0,1528379244,13:47,21,32.45,0
25,0,1528379245,13:47,21,32.45,0
26,0,1528379246,13:47,21,32.45,0
27,0,1528379247,13:47,21,32.45,0
28,0,1528379248,13:47,21,32.45,0
29,0,1528379249,13:47,21,32.45,0
30,0,1528379250,13:47,21,32.45,0
31,0,1528379251,13:47,21,32.45,0
32,0,1528379252,13:47,21,32.45,0
33,0,1528379253,13:47,21,32.45,0
34,0,1528379254,13:47,21,32.45,0
35,0,1528379255,13:47,21,32.45,0
36,0,1528379256,13:47,21,32.45,0
37,0,1528379257,13:47,21,32.45,0
38,0,1528379258,13:47,21,32.45,0
39,0,1528379259,13:47,21,32.45,0
40,0,1528379260,13:47,21,32.45,0
41,0,1528379261,13:47,21,32.45,0
42,0,1528379262,13:47,21,32.45,0
43,0,1528379263,13:47,21,32.45,0
44,0,1528379264,13:47,21,32.45,0
45,0,1528379265,13:47,21,32.45,0
46,0,1528379266,13:47,21,32.45,0
47,0,1528379267,13:47,21,32.45,0
48,0,1528379268,13:47,21,32.45,0
49,0,1528379269,13:47,21,32.45,0
50,0,1528379270,13:47,21,32.45,0
51,0,1528379271,13:47,21,32.45,0
52,0,1528379272,13:47,21,32.45,0
53,0,1528379273,13:47,21,32.45,0
54,0,1528379274,13:47,21,32.45,0
55,0,1528379275,13:47,21,32.45,0
56,0,1528379276,13:47,21,32.45,0
57,0,1528379277,13:47,21,32.45,0
58,0,1528379278,13:47,21,32.45,0
59,0,1528379279,13:47,21,32.45,0
60,0,1528379280,13:48,24,32.48,0
61,1,1528379281,13:48,24,32.48,0
62,2,1528379282,13:48,24,32.48,0
63,2,1528379283,13:48,24,32.48,0
64,2,1528379284,13:48,24,32.48,0
65,2,1528379285,13:48,24,32.48,0
66,2,1528379286,13:48,24,32.48,0
67,2,1528379287,13:48,24,32.48,0
68,2,1528379288,13:48,24,32.48,0
69,2,1528379289,13:48,24,32.48,0
70,2,1528379290,13:48,24,32.48,0
71,2,1528379291,13:48,24,32.48,0
72,2,1528379292,13:48,24,32.48,0
73,2,1528379293,13:48,24,32.48,0
74,4,1528379294,13:48,24,32.48,0
75,4,1528379295,13:48,24,32.48,0
76,4,1528379296,13:48,24,32.48,0
77,4,1528379297,13:48,24,32.48,0
78,5,1528379298,13:48,24,32.48,0
79,5,1528379299,13:48,24,32.48,0
80,5,1528379300,13:48,24,32.48,0
81,5,1528379301,13:48,24,32.48,0
82,5,1528379302,13:48,24,32.48,0
83,5,1528379303,13:48,24,32.48,0
84,7,1528379304,13:48,24,32.48,0
85,9,1528379305,13:48,24,32.48,0
86,9,1528379306,13:48,24,32.48,0
87,9,1528379307,13:48,24,32.48,0
88,10,1528379308,13:48,24,32.48,0
89,11,1528379309,13:48,24,32.48,0
90,12,1528379310,13:48,24,32.48,0
91,12,1528379311,13:48,24,32.48,0
92,12,1528379312,13:48,24,32.48,0
93,12,1528379313,13:48,24,32.48,0
94,13,1528379314,13:48,24,32.48,0
95,13,1528379315,13:48,24,32.48,0
96,17,1528379316,13:48,24,32.48,0
97,18,1528379317,13:48,24,32.48,0
98,19,1528379318,13:48,24,32.48,0
99,19,1528379319,13:48,24,32.48,0
100,22,1528379320,13:48,24,32.48,0
101,22,1528379321,13:48,24,32.48,0
102,22,1528379322,13:48,24,32.48,0
103,22,1528379323,13:48,24,32.48,0
104,22,1528379324,13:48,24,32.48,0
105,23,1528379325,13:48,24,32.48,0
106,23,1528379326,13:48,24,32.48,0
107,23,1528379327,13:48,24,32.48,0
108,23,1528379328,13:48,24,32.48,0
109,24,1528379329,13:48,24,32.48,0
110,24,1528379330,13:48,24,32.48,0
111,24,1528379331,13:48,24,32.48,0
112,24,1528379332,13:48,24,32.48,0
113,24,1528379333,13:48,24,32.48,0
114,24,1528379334,13:48,24,32.48,0
115,24,1528379335,13:48,24,32.48,0
116,24,1528379336,13:48,24,32.48,0
117,25,1528379337,13:48,24,32.48,0
118,25,1528379338,13:48,24,32.48,0
119,25,1528379339,13:48,24,32.48,0
120,31,1528379340,13:49,24,32.5,0
121,31,1528379341,13:49,24,32.5,0
122,32,1528379342,13:49,24,32.5,0
123,35,1528379343,13:49,24,32.5,0
124,35,1528379344,13:49,24,32.5,0
125,35,1528379345,13:49,24,32.5,0
126,35,1528379346,13:49,24,32.5,0
127,40,1528379347,13:49,24,32.5,0
128,40,1528379348,13:49,24,32.5,0
129,40,1528379349,13:49,24,32.5,0
130,40,1528379350,13:49,24,32.5,0
131,40,1528379351,13:49,24,32.5,0
132,40,1528379352,13:49,24,32.5,0
133,40,1528379353,13:49,24,32.5,0
134,40,1528379354,13:49,24,32.5,0
135,41,1528379355,13:49,24,32.5,0
136,46,1528379356,13:49,24,32.5,0
137,46,1528379357,13:49,24,32.5,0
138,49,1528379358,13:49,24,32.5,0
139,49,1528379359,13:49,24,32.5,0
140,49,1528379360,13:49,24,32.5,0
141,49,1528379361,13:49,24,32.5,0
142,49,1528379362,13:49,24,32.5,0
143,49,1528379363,13:49,24,32.5,0
144,49,1528379364,13:49,24,32.5,0
145,49,1528379365,13:49,24,32.5,0
146,50,1528379366,13:49,24,32.5,0
147,50,1528379367,13:49,24,32.5,0
148,50,1528379368,13:49,24,32.5,0
149,50,1528379369,13:49,24,32.5,0
150,51,1528379370,13:49,24,32.5,0
151,53,1528379371,13:49,24,32.5,0
152,53,1528379372,13:49,24,32.5,0
153,53,1528379373,13:49,24,32.5,0
154,53,1528379374,13:49,24,32.5,0
155,54,1528379375,13:49,24,32.5,0
156,54,1528379376,13:49,24,32.5,0
157,54,1528379377,13:49,24,32.5,0
158,54,1528379378,13:49,24,32.5,0
159,55,1528379379,13:49,24,32.5,0
160,55,1528379380,13:49,24,32.5,0
161,55,1528379381,13:49,24,32.5,0
162,55,1528379382,13:49,24,32.5,0
163,55,1528379383,13:49,24,32.5,0
164,55,1528379384,13:49,24,32.5,0
165,60,1528379385,13:49,24,32.5,0
166,60,1528379386,13:49,24,32.5,0
167,60,1528379387,13:49,24,32.5,0
168,60,1528379388,13:49,24,32.5,0
169,60,1528379389,13:49,24,32.5,0
170,60,1528379390,13:49,24,32.5,0
171,60,1528379391,13:49,24,32.5,0
172,60,1528379392,13:49,24,32.5,0
173,60,1528379393,13:49,24,32.5,0
174,60,1528379394,13:49,24,32.5,0
175,60,1528379395,13:49,24,32.5,0
176,60,1528379396,13:49,24,32.5,0
177,60,1528379397,13:49,24,32.5,0
178,60,1528379398,13:49,24,32.5,0
179,60,1528379399,13:49,24,32.5,0
180,60,1528379400,13:50,24,32.52,0
181,59,1528379401,13:50,24,32.52,0
182,58,1528379402,13:50,24,32.52,0
183,58,1528379403,13:50,24,32.52,0
184,58,1528379404,13:50,24,32.52,0
185,58,1528379405,13:50,24,32.52,0
186,60,1528379406,13:50,24,32.52,0
187,60,1528379407,13:50,24,32.52,0
188,60,1528379408,13:50,24,32.52,0
189,60,1528379409,13:50,24,32.52,0
190,60,1528379410,13:50,24,32.52,0
191,60,1528379411,13:50,24,32.52,0
192,60,1528379412,13:50,24,32.52,0
193,60,1528379413,13:50,24,32.52,0
194,60,1528379414,13:50,24,32.52,0
195,60,1528379415,13:50,24,32.52,0
196,60,1528379416,13:50,24,32.52,0
197,60,1528379417,13:50,24,32.52,0
198,60,1528379418,13:50,24,32.52,0
199,60,1528379419,13:50,24,32.52,0
200,60,1528379420,13:50,24,32.52,0
201,60,1528379421,13:50,24,32.52,0
202,60,1528379422,13:50,24,32.52,0
203,62,1528379423,13:50,24,32.52,0
204,62,1528379424,13:50,24,32.52,0
205,67,1528379425,13:50,24,32.52,0
206,67,1528379426,13:50,24,32.52,0
207,66,1528379427,13:50,24,32.52,0
208,66,1528379428,13:50,24,32.52,0
209,66,1528379429,13:50,24,32.52,0
210,65,1528379430,13:50,24,32.52,0
211,65,1528379431,13:50,24,32.52,0
212,67,1528379432,13:50,24,32.52,0
213,67,1528379433,13:50,24,32.52,0
214,67,1528379434,13:50,24,32.52,0
215,67,1528379435,13:50,24,32.52,0
216,66,1528379436,13:50,24,32.52,0
217,66,1528379437,13:50,24,32.52,0
218,66,1528379438,13:50,24,32.52,0
219,66,1528379439,13:50,24,32.52,0
220,63,1528379440,13:50,24,32.52,0
221,63,1528379441,13:50,24,32.52,0
222,63,1528379442,13:50,24,32.52,0
223,63,1528379443,13:50,24,32.52,0
224,63,1528379444,13:50,24,32.52,0
225,62,1528379445,13:50,24,32.52,0
226,62,1528379446,13:50,24,32.52,0
227,62,1528379447,13:50,24,32.52,0
228,62,1528379448,13:50,24,32.52,0
229,62,1528379449,13:50,24,32.52,0
230,62,1528379450,13:50,24,32.52,0
231,62,1528379451,13:50,24,32.52,0
232,62,1528379452,13:50,24,32.52,0
233,62,1528379453,13:50,24,32.52,0
234,62,1528379454,13:50,24,32.52,0
235,62,1528379455,13:50,24,32.52,0
236,62,1528379456,13:50,24,32.52,0
237,62,1528379457,13:50,24,32.52,0
238,62,1528379458,13:50,24,32.52,0
239,62,1528379459,13:50,24,32.52,0
240,57,1528379460,13:51,24,32.54,0
241,57,1528379461,13:51,24,32.54,0
242,57,1528379462,13:51,24,32.54,0
243,53,1528379463,13:51,24,32.54,0
244,53,1528379464,13:51,24,32.54,0
245,53,1528379465,13:51,24,32.54,0
246,53,1528379466,13:51,24,32.54,0
247,48,1528379467,13:51,24,32.54,0
248,48,1528379468,13:51,24,32.54,0
249,48,1528379469,13:51,24,32.54,0
250,49,1528379470,13:51,24,32.54,0
251,49,1528379471,13:51,24,32.54,0
252,49,1528379472,13:51,24,32.54,0
253,49,1528379473,13:51,24,32.54,0
254,49,1528379474,13:51,24,32.54,0
255,48,1528379475,13:51,24,32.54,0
256,44,1528379476,13:51,24,32.54,0
257,44,1528379477,13:51,24,32.54,0
258,41,1528379478,13:51,24,32.54,0
259,41,1528379479,13:51,24,32.54,0
260,41,1528379480,13:51,24,32.54,0
261,44,1528379481,13:51,24,32.54,0
262,44,1528379482,13:51,24,32.54,0
263,44,1528379483,13:51,24,32.54,0
264,44,1528379484,13:51,24,32.54,0
265,47,1528379485,13:51,24,32.54,0
266,47,1528379486,13:51,24,32.54,0
267,47,1528379487,13:51,24,32.54,0
268,49,1528379488,13:51,24,32.54,0
269,49,1528379489,13:51,24,32.54,0
270,48,1528379490,13:51,24,32.54,0
271,47,1528379491,13:51,24,32.54,0
272,47,1528379492,13:51,24,32.54,0
273,48,1528379493,13:51,24,32.54,0
274,48,1528379494,13:51,24,32.54,0
275,47,1528379495,13:51,24,32.54,0
276,47,1528379496,13:51,24,32.54,0
277,47,1528379497,13:51,24,32.54,0
278,48,1528379498,13:51,24,32.54,0
279,48,1528379499,13:51,24,32.54,0
280,52,1528379500,13:51,24,32.54,0
281,52,1528379501,13:51,24,32.54,0
282,52,1528379502,13:51,24,32.54,0
283,52,1528379503,13:51,24,32.54,0
284,52,1528379504,13:51,24,32.54,0
285,49,1528379505,13:51,24,32.54,0
286,49,1528379506,13:51,24,32.54,0
287,49,1528379507,13:51,24,32.54,0
288,49,1528379508,13:51,24,32.54,0
289,49,1528379509,13:51,24,32.54,0
290,49,1528379510,13:51,24,32.54,0
291,50,1528379511,13:51,24,32.54,0
292,49,1528379512,13:51,24,32.54,0
293,49,1528379513,13:51,24,32.54,0
294,49,1528379514,13:51,24,32.54,0
295,50,1528379515,13:51,24,32.54,0
296,50,1528379516,13:51,24,32.54,0
297,50,1528379517,13:51,24,32.54,0
298,53,1528379518,13:51,24,32.54,0
299,53,1528379519,13:51,24,32.54,0
300,53,1528379520,13:52,24,32.57,0
301,53,1528379521,13:52,24,32.57,0
302,53,1528379522,13:52,24,32.57,0
303,53,1528379523,13:52,24,32.57,0
304,53,1528379524,13:52,24,32.57,0
305,53,1528379525,13:52,24,32.57,0
306,52,1528379526,13:52,24,32.57,0
307,52,1528379527,13:52,24,32.57,0
308,52,1528379528,13:52,24,32.57,0
309,52,1528379529,13:52,24,32.57,0
310,52,1528379530,13:52,24,32.57,0
311,52,1528379531,13:52,24,32.57,0
312,52,1528379532,13:52,24,32.57,0
313,55,1528379533,13:52,24,32.57,0
314,55,1528379534,13:52,24,32.57,0
315,55,1528379535,13:52,24,32.57,0
316,55,1528379536,13:52,24,32.57,0
317,55,1528379537,13:52,24,32.57,0
318,55,1528379538,13:52,24,32.57,0
319,55,1528379539,13:52,24,32.57,0
320,55,1528379540,13:52,24,32.57,0
321,55,1528379541,13:52,24,32.57,0
322,55,1528379542,13:52,24,32.57,0
323,54,1528379543,13:52,24,32.57,0
324,57,1528379544,13:52,24,32.57,0
325,51,1528379545,13:52,24,32.57,0
326,51,1528379546,13:52,24,32.57,0
327,51,1528379547,13:52,24,32.57,0
328,51,1528379548,13:52,24,32.57,0
329,55,1528379549,13:52,24,32.57,0
330,55,1528379550,13:52,24,32.57,0
331,55,1528379551,13:52,24,32.57,0
332,53,1528379552,13:52,24,32.57,0
333,53,1528379553,13:52,24,32.57,0
334,53,1528379554,13:52,24,32.57,0
335,53,1528379555,13:52,24,32.57,0
336,50,1528379556,13:52,24,32.57,0
337,50,1528379557,13:52,24,32.57,0
338,50,1528379558,13:52,24,32.57,0
339,50,1528379559,13:52,24,32.57,0
340,50,1528379560,13:52,24,32.57,0
341,50,1528379561,13:52,24,32.57,0
342,50,1528379562,13:52,24,32.57,0
343,50,1528379563,13:52,24,32.57,0
344,49,1528379564,13:52,24,32.57,0
345,49,1528379565,13:52,24,32.57,0
346,48,1528379566,13:52,24,32.57,0
347,48,1528379567,13:52,24,32.57,0
348,48,1528379568,13:52,24,32.57,0
349,48,1528379569,13:52,24,32.57,0
350,48,1528379570,13:52,24,32.57,0
351,48,1528379571,13:52,24,32.57,0
352,48,1528379572,13:52,24,32.57,0
353,47,1528379573,13:52,24,32.57,0
354,49,1528379574,13:52,24,32.57,0
355,49,1528379575,13:52,24,32.57,0
356,49,1528379576,13:52,24,32.57,0
357,49,1528379577,13:52,24,32.57,0
358,49,1528379578,13:52,24,32.57,0
359,49,1528379579,13:52,24,32.57,0
360,49,1528379580,13:53,17,32.59,0
361,49,1528379581,13:53,17,32.59,0
362,53,1528379582,13:53,17,32.59,0
363,53,1528379583,13:53,17,32.59,0
364,53,1528379584,13:53,17,32.59,0
365,53,1528379585,13:53,17,32.59,0
366,53,1528379586,13:53,17,32.59,0
367,53,1528379587,13:53,17,32.59,0
368,53,1528379588,13:53,17,32.59,0
369,53,1528379589,13:53,17,32.59,0
370,51,1528379590,13:53,17,32.59,0
371,51,1528379591,13:53,17,32.59,0
372,51,1528379592,13:53,17,32.59,0
373,51,1528379593,13:53,17,32.59,0
374,51,1528379594,13:53,17,32.59,0
375,51,1528379595,13:53,17,32.59,0
376,50,1528379596,13:53,17,32.59,0
377,53,1528379597,13:53,17,32.59,0
378,53,1528379598,13:53,17,32.59,0
379,53,1528379599,13:53,17,32.59,0
380,53,1528379600,13:53,17,32.59,0
381,50,1528379601,13:53,17,32.59,0
382,50,1528379602,13:53,17,32.59,0
383,50,1528379603,13:53,17,32.59,0
384,50,1528379604,13:53,17,32.59,0
385,47,1528379605,13:53,17,32.59,0
386,46,1528379606,13:53,17,32.59,0
387,46,1528379607,13:53,17,32.59,0
388,44,1528379608,13:53,17,32.59,0
389,45,1528379609,13:53,17,32.59,0
390,45,1528379610,13:53,17,32.59,0
391,45,1528379611,13:53,17,32.59,0
392,46,1528379612,13:53,17,32.59,0
393,45,1528379613,13:53,17,32.59,0
394,48,1528379614,13:53,17,32.59,0
395,48,1528379615,13:53,17,32.59,0
396,48,1528379616,13:53,17,32.59,0
397,48,1528379617,13:53,17,32.59,0
398,47,1528379618,13:53,17,32.59,0
399,47,1528379619,13:53,17,32.59,0
400,43,1528379620,13:53,17,32.59,0
401,43,1528379621,13:53,17,32.59,0
402,43,1528379622,13:53,17,32.59,0
403,43,1528379623,13:53,17,32.59,0
404,44,1528379624,13:53,17,32.59,0
405,43,1528379625,13:53,17,32.59,0
406,43,1528379626,13:53,17,32.59,0
407,43,1528379627,13:53,17,32.59,0
408,43,1528379628,13:53,17,32.59,0
409,43,1528379629,13:53,17,32.59,0
410,43,1528379630,13:53,17,32.59,0
411,42,1528379631,13:53,17,32.59,0
412,43,1528379632,13:53,17,32.59,0
413,47,1528379633,13:53,17,32.59,0
414,48,1528379634,13:53,17,32.59,0
415,48,1528379635,13:53,17,32.59,0
416,48,1528379636,13:53,17,32.59,0
417,48,1528379637,13:53,17,32.59,0
418,45,1528379638,13:53,17,32.59,0
419,45,1528379639,13:53,17,32.59,0
420,45,1528379640,13:54,17,32.62,0
421,45,1528379641,13:54,17,32.62,0
422,45,1528379642,13:54,17,32.62,0
423,45,1528379643,13:54,17,32.62,0
424,45,1528379644,13:54,17,32.62,0
425,45,1528379645,13:54,17,32.62,0
426,47,1528379646,13:54,17,32.62,0
427,47,1528379647,13:54,17,32.62,0
428,47,1528379648,13:54,17,32.62,0
429,47,1528379649,13:54,17,32.62,0
430,47,1528379650,13:54,17,32.62,0
431,48,1528379651,13:54,17,32.62,0
432,48,1528379652,13:54,17,32.62,0
433,45,1528379653,13:54,17,32.62,0
434,45,1528379654,13:54,17,32.62,0
435,47,1528379655,13:54,17,32.62,0
436,47,1528379656,13:54,17,32.62,0
437,49,1528379657,13:54,17,32.62,0
438,49,1528379658,13:54,17,32.62,0
439,49,1528379659,13:54,17,32.62,0
440,49,1528379660,13:54,17,32.62,0
441,49,1528379661,13:54,17,32.62,0
442,52,1528379662,13:54,17,32.62,0
443,52,1528379663,13:54,17,32.62,0
444,49,1528379664,13:54,17,32.62,0
445,49,1528379665,13:54,17,32.62,0
446,49,1528379666,13:54,17,32.62,0
447,49,1528379667,13:54,17,32.62,0
448,49,1528379668,13:54,17,32.62,0
449,46,1528379669,13:54,17,32.62,0
450,46,1528379670,13:54,17,32.62,0
451,46,1528379671,13:54,17,32.62,0
452,46,1528379672,13:54,17,32.62,0
453,46,1528379673,13:54,17,32.62,0
454,46,1528379674,13:54,17,32.62,0
455,47,1528379675,13:54,17,32.62,0
456,47,1528379676,13:54,17,32.62,0
457,47,1528379677,13:54,17,32.62,0
458,47,1528379678,13:54,17,32.62,0
459,47,1528379679,13:54,17,32.62,0
460,47,1528379680,13:54,17,32.62,0
461,47,1528379681,13:54,17,32.62,0
462,47,1528379682,13:54,17,32.62,0
463,47,1528379683,13:54,17,32.62,0
464,47,1528379684,13:54,17,32.62,0
465,47,1528379685,13:54,17,32.62,0
466,47,1528379686,13:54,17,32.62,0
467,46,1528379687,13:54,17,32.62,0
468,46,1528379688,13:54,17,32.62,0
469,46,1528379689,13:54,17,32.62,0
470,46,1528379690,13:54,17,32.62,0
471,46,1528379691,13:54,17,32.62,0
472,47,1528379692,13:54,17,32.62,0
473,47,1528379693,13:54,17,32.62,0
474,45,1528379694,13:54,17,32.62,0
475,45,1528379695,13:54,17,32.62,0
476,45,1528379696,13:54,17,32.62,0
477,45,1528379697,13:54,17,32.62,0
478,46,1528379698,13:54,17,32.62,0
479,46,1528379699,13:54,17,32.62,0
480,46,1528379700,13:55,17,32.64,0
481,47,1528379701,13:55,17,32.64,0
482,43,1528379702,13:55,17,32.64,0
483,43,1528379703,13:55,17,32.64,0
484,46,1528379704,13:55,17,32.64,0
485,46,1528379705,13:55,17,32.64,0
486,46,1528379706,13:55,17,32.64,0
487,46,1528379707,13:55,17,32.64,0
488,47,1528379708,13:55,17,32.64,0
489,47,1528379709,13:55,17,32.64,0
490,47,1528379710,13:55,17,32.64,0
491,47,1528379711,13:55,17,32.64,0
492,47,1528379712,13:55,17,32.64,0
493,47,1528379713,13:55,17,32.64,0
494,47,1528379714,13:55,17,32.64,0
495,47,1528379715,13:55,17,32.64,0
496,47,1528379716,13:55,17,32.64,0
497,44,1528379717,13:55,17,32.64,0
498,44,1528379718,13:55,17,32.64,0
499,44,1528379719,13:55,17,32.64,0
500,44,1528379720,13:55,17,32.64,0
501,44,1528379721,13:55,17,32.64,0
502,45,1528379722,13:55,17,32.64,0
503,45,1528379723,13:55,17,32.64,0
504,45,1528379724,13:55,17,32.64,0
505,45,1528379725,13:55,17,32.64,0
506,45,1528379726,13:55,17,32.64,0
507,45,1528379727,13:55,17,32.64,0
508,45,1528379728,13:55,17,32.64,0
509,44,1528379729,13:55,17,32.64,0
510,44,1528379730,13:55,17,32.64,0
511,47,1528379731,13:55,17,32.64,0
512,47,1528379732,13:55,17,32.64,0
513,47,1528379733,13:55,17,32.64,0
514,44,1528379734,13:55,17,32.64,0
515,44,1528379735,13:55,17,32.64,0
516,44,1528379736,13:55,17,32.64,0
517,44,1528379737,13:55,17,32.64,0
518,44,1528379738,13:55,17,32.64,0
519,44,1528379739,13:55,17,32.64,0
520,45,1528379740,13:55,17,32.64,0
521,45,1528379741,13:55,17,32.64,0
522,45,1528379742,13:55,17,32.64,0
523,45,1528379743,13:55,17,32.64,0
524,42,1528379744,13:55,17,32.64,0
525,42,1528379745,13:55,17,32.64,0
526,42,1528379746,13:55,17,32.64,0
527,42,1528379747,13:55,17,32.64,0
528,42,1528379748,13:55,17,32.64,0
529,42,1528379749,13:55,17,32.64,0
530,42,1528379750,13:55,17,32.64,0
531,42,1528379751,13:55,17,32.64,0
532,41,1528379752,13:55,17,32.64,0
533,37,1528379753,13:55,17,32.64,0
534,37,1528379754,13:55,17,32.64,0
535,37,1528379755,13:55,17,32.64,0
536,37,1528379756,13:55,17,32.64,0
537,38,1528379757,13:55,17,32.64,0
538,38,1528379758,13:55,17,32.64,0
539,41,1528379759,13:55,17,32.64,0
540,41,1528379760,13:56,17,32.67,0
541,41,1528379761,13:56,17,32.67,0
542,41,1528379762,13:56,17,32.67,0
543,41,1528379763,13:56,17,32.67,0
544,40,1528379764,13:56,17,32.67,0
545,40,1528379765,13:56,17,32.67,0
546,35,1528379766,13:56,17,32.67,0
547,35,1528379767,13:56,17,32.67,0
548,36,1528379768,13:56,17,32.67,0
549,36,1528379769,13:56,17,32.67,0
550,36,1528379770,13:56,17,32.67,0
551,36,1528379771,13:56,17,32.67,0
552,36,1528379772,13:56,17,32.67,0
553,37,1528379773,13:56,17,32.67,0
554,37,1528379774,13:56,17,32.67,0
555,35,1528379775,13:56,17,32.67,0
556,35,1528379776,13:56,17,32.67,0
557,33,1528379777,13:56,17,32.67,0
558,33,1528379778,13:56,17,32.67,0
559,33,1528379779,13:56,17,32.67,0
560,33,1528379780,13:56,17,32.67,0
561,33,1528379781,13:56,17,32.67,0
562,30,1528379782,13:56,17,32.67,0
563,30,1528379783,13:56,17,32.67,0
564,30,1528379784,13:56,17,32.67,0
565,30,1528379785,13:56,17,32.67,0
566,30,1528379786,13:56,17,32.67,0
567,30,1528379787,13:56,17,32.67,0
568,30,1528379788,13:56,17,32.67,0
569,30,1528379789,13:56,17,32.67,0
570,30,1528379790,13:56,17,32.67,0
571,30,1528379791,13:56,17,32.67,0
572,30,1528379792,13:56,17,32.67,0
573,30,1528379793,13:56,17,32.67,0
574,30,1528379794,13:56,17,32.67,0
575,30,1528379795,13:56,17,32.67,0
576,28,1528379796,13:56,17,32.67,0
577,28,1528379797,13:56,17,32.67,0
578,28,1528379798,13:56,17,32.67,0
579,28,1528379799,13:56,17,32.67,0
580,28,1528379800,13:56,17,32.67,0
581,28,1528379801,13:56,17,32.67,0
582,28,1528379802,13:56,17,32.67,0
583,28,1528379803,13:56,17,32.67,0
584,28,1528379804,13:56,17,32.67,0
585,28,1528379805,13:56,17,32.67,0
586,28,1528379806,13:56,17,32.67,0
587,28,1528379807,13:56,17,32.67,0
588,31,1528379808,13:56,17,32.67,0
589,31,1528379809,13:56,17,32.67,0
590,31,1528379810,13:56,17,32.67,0
591,31,1528379811,13:56,17,32.67,0
592,30,1528379812,13:56,17,32.67,0
593,30,1528379813,13:56,17,32.67,0
594,30,1528379814,13:56,17,32.67,0
595,30,1528379815,13:56,17,32.67,0
596,30,1528379816,13:56,17,32.67,0
597,30,1528379817,13:56,17,32.67,0
598,29,1528379818,13:56,17,32.67,0
599,29,1528379819,13:56,17,32.67,0
600,29,1528379820,13:57,17,32.69,0
601,28,1528379821,13:57,17,32.69,0
602,28,1528379822,13:57,17,32.69,0
603,28,1528379823,13:57,17,32.69,0
604,25,1528379824,13:57,17,32.69,0
605,25,1528379825,13:57,17,32.69,0
606,25,1528379826,13:57,17,32.69,0
607,25,1528379827,13:57,17,32.69,0
608,24,1528379828,13:57,17,32.69,0
609,24,1528379829,13:57,17,32.69,0
610,24,1528379830,13:57,17,32.69,0
611,24,1528379831,13:57,17,32.69,0
612,24,1528379832,13:57,17,32.69,0
613,24,1528379833,13:57,17,32.69,0
614,24,1528379834,13:57,17,32.69,0
615,24,1528379835,13:57,17,32.69,0
616,24,1528379836,13:57,17,32.69,0
617,24,1528379837,13:57,17,32.69,0
618,24,1528379838,13:57,17,32.69,0
619,24,1528379839,13:57,17,32.69,0
620,24,1528379840,13:57,17,32.69,0
621,24,1528379841,13:57,17,32.69,0
622,23,1528379842,13:57,17,32.69,0
623,23,1528379843,13:57,17,32.69,0
624,23,1528379844,13:57,17,32.69,0
625,22,1528379845,13:57,17,32.69,0
626,22,1528379846,13:57,17,32.69,0
627,22,1528379847,13:57,17,32.69,0
628,22,1528379848,13:57,17,32.69,0
629,22,1528379849,13:57,17,32.69,0
630,22,1528379850,13:57,17,32.69,0
631,19,1528379851,13:57,17,32.69,0
632,19,1528379852,13:57,17,32.69,0
633,19,1528379853,13:57,17,32.69,0
634,19,1528379854,13:57,17,32.69,0
635,19,1528379855,13:57,17,32.69,0
636,23,1528379856,13:57,17,32.69,0
637,23,1528379857,13:57,17,32.69,0
638,23,1528379858,13:57,17,32.69,0
639,23,1528379859,13:57,17,32.69,0
640,23,1528379860,13:57,17,32.69,0
641,23,1528379861,13:57,17,32.69,0
642,23,1528379862,13:57,17,32.69,0
643,22,1528379863,13:57,17,32.69,0
644,22,1528379864,13:57,17,32.69,0
645,22,1528379865,13:57,17,32.69,0
646,22,1528379866,13:57,17,32.69,0
647,22,1528379867,13:57,17,32.69,0
648,22,1528379868,13:57,17,32.69,0
649,22,1528379869,13:57,17,32.69,0
650,22,1528379870,13:57,17,32.69,0
651,22,1528379871,13:57,17,32.69,0
652,22,1528379872,13:57,17,32.69,0
653,22,1528379873,13:57,17,32.69,0
654,22,1528379874,13:57,17,32.69,0
655,22,1528379875,13:57,17,32.69,0
656,22,1528379876,13:57,17,32.69,0
657,22,1528379877,13:57,17,32.69,0
658,22,1528379878,13:57,17,32.69,0
659,19,1528379879,13:57,17,32.69,0
660,19,1528379880,13:58,17,32.71,0
661,19,1528379881,13:58,17,32.71,0
662,19,1528379882,13:58,17,32.71,0
663,19,1528379883,13:58,17,32.71,0
664,19,1528379884,13:58,17,32.71,0
665,19,1528379885,13:58,17,32.71,0
666,19,1528379886,13:58,17,32.71,0
667,19,1528379887,13:58,17,32.71,0
668,18,1528379888,13:58,17,32.71,0
669,18,1528379889,13:58,17,32.71,0
670,18,1528379890,13:58,17,32.71,0
671,18,1528379891,13:58,17,32.71,0
672,18,1528379892,13:58,17,32.71,0
673,18,1528379893,13:58,17,32.71,0
674,19,1528379894,13:58,17,32.71,0
675,19,1528379895,13:58,17,32.71,0
676,19,1528379896,13:58,17,32.71,0
677,19,1528379897,13:58,17,32.71,0
678,20,1528379898,13:58,17,32.71,0
679,20,1528379899,13:58,17,32.71,0
680,20,1528379900,13:58,17,32.71,0
681,20,1528379901,13:58,17,32.71,0
682,21,1528379902,13:58,17,32.71,0
683,21,1528379903,13:58,17,32.71,0
684,21,1528379904,13:58,17,32.71,0
685,25,1528379905,13:58,17,32.71,0
686,25,1528379906,13:58,17,32.71,0
687,25,1528379907,13:58,17,32.71,0
688,25,1528379908,13:58,17,32.71,0
689,25,1528379909,13:58,17,32.71,0
690,25,1528379910,13:58,17,32.71,0
691,27,1528379911,13:58,17,32.71,0
692,27,1528379912,13:58,17,32.71,0
693,27,1528379913,13:58,17,32.71,0
694,27,1528379914,13:58,17,32.71,0
695,27,1528379915,13:58,17,32.71,0
696,27,1528379916,13:58,17,32.71,0
697,27,1528379917,13:58,17,32.71,0
698,27,1528379918,13:58,17,32.71,0
699,27,1528379919,13:58,17,32.71,0
700,27,1528379920,13:58,17,32.71,0
701,28,1528379921,13:58,17,32.71,0
702,28,1528379922,13:58,17,32.71,0
703,28,1528379923,13:58,17,32.71,0
704,29,1528379924,13:58,17,32.71,0
705,29,1528379925,13:58,17,32.71,0
706,29,1528379926,13:58,17,32.71,0
707,29,1528379927,13:58,17,32.71,0
708,26,1528379928,13:58,17,32.71,0
709,26,1528379929,13:58,17,32.71,0
710,26,1528379930,13:58,17,32.71,0
711,26,1528379931,13:58,17,32.71,0
712,26,1528379932,13:58,17,32.71,0
713,26,1528379933,13:58,17,32.71,0
714,26,1528379934,13:58,17,32.71,0
715,26,1528379935,13:58,17,32.71,0
716,26,1528379936,13:58,17,32.71,0
717,26,1528379937,13:58,17,32.71,0
718,26,1528379938,13:58,17,32.71,0
719,26,1528379939,13:58,17,32.71,0
720,26,1528379940,13:59,17,32.74,0
721,27,1528379941,13:59,17,32.74,0
722,27,1528379942,13:59,17,32.74,0
723,27,1528379943,13:59,17,32.74,0
724,27,1528379944,13:59,17,32.74,0
725,27,1528379945,13:59,17,32.74,0
726,27,1528379946,13:59,17,32.74,0
727,27,1528379947,13:59,17,32.74,0
728,27,1528379948,13:59,17,32.74,0
729,27,1528379949,13:59,17,32.74,0
730,27,1528379950,13:59,17,32.74,0
731,27,1528379951,13:59,17,32.74,0
732,29,1528379952,13:59,17,32.74,0
733,29,1528379953,13:59,17,32.74,0
734,29,1528379954,13:59,17,32.74,0
735,30,1528379955,13:59,17,32.74,0
736,30,1528379956,13:59,17,32.74,0
737,30,1528379957,13:59,17,32.74,0
738,30,1528379958,13:59,17,32.74,0
739,30,1528379959,13:59,17,32.74,0
740,30,1528379960,13:59,17,32.74,0
741,30,1528379961,13:59,17,32.74,0
742,30,1528379962,13:59,17,32.74,0
743,30,1528379963,13:59,17,32.74,0
744,30,1528379964,13:59,17,32.74,0
745,30,1528379965,13:59,17,32.74,0
746,30,1528379966,13:59,17,32.74,0
747,30,1528379967,13:59,17,32.74,0
748,30,1528379968,13:59,17,32.74,0
749,29,1528379969,13:59,17,32.74,0
750,29,1528379970,13:59,17,32.74,0
751,29,1528379971,13:59,17,32.74,0
752,29,1528379972,13:59,17,32.74,0
753,29,1528379973,13:59,17,32.74,0
754,29,1528379974,13:59,17,32.74,0
755,29,1528379975,13:59,17,32.74,0
756,25,1528379976,13:59,17,32.74,0
757,25,1528379977,13:59,17,32.74,0
758,26,1528379978,13:59,17,32.74,0
759,26,1528379979,13:59,17,32.74,0
760,27,1528379980,13:59,17,32.74,0
761,27,1528379981,13:59,17,32.74,0
762,28,1528379982,13:59,17,32.74,0
763,28,1528379983,13:59,17,32.74,0
764,28,1528379984,13:59,17,32.74,0
765,28,1528379985,13:59,17,32.74,0
766,30,1528379986,13:59,17,32.74,0
767,32,1528379987,13:59,17,32.74,0
768,32,1528379988,13:59,17,32.74,0
769,32,1528379989,13:59,17,32.74,0
770,32,1528379990,13:59,17,32.74,0
771,32,1528379991,13:59,17,32.74,0
772,31,1528379992,13:59,17,32.74,0
773,31,1528379993,13:59,17,32.74,0
774,30,1528379994,13:59,17,32.74,0
775,30,1528379995,13:59,17,32.74,0
776,30,1528379996,13:59,17,32.74,0
777,31,1528379997,13:59,17,32.74,0
778,31,1528379998,13:59,17,32.74,0
779,31,1528379999,13:59,17,32.74,0
780,31,1528380000,14:00,17,32.76,0
781,31,1528380001,14:00,17,32.76,0
782,31,1528380002,14:00,17,32.76,0
783,31,1528380003,14:00,17,32.76,0
784,31,1528380004,14:00,17,32.76,0
785,31,1528380005,14:00,17,32.76,0
786,31,1528380006,14:00,17,32.76,0
787,31,1528380007,14:00,17,32.76,0
788,31,1528380008,14:00,17,32.76,0
789,32,1528380009,14:00,17,32.76,0
790,32,1528380010,14:00,17,32.76,0
791,32,1528380011,14:00,17,32.76,0
792,32,1528380012,14:00,17,32.76,0
793,32,1528380013,14:00,17,32.76,0
794,31,1528380014,14:00,17,32.76,0
795,31,1528380015,14:00,17,32.76,0
796,31,1528380016,14:00,17,32.76,0
797,31,1528380017,14:00,17,32.76,0
798,30,1528380018,14:00,17,32.76,0
799,30,1528380019,14:00,17,32.76,0
800,30,1528380020,14:00,17,32.76,0
801,30,1528380021,14:00,17,32.76,0
802,29,1528380022,14:00,17,32.76,0
803,29,1528380023,14:00,17,32.76,0
804,29,1528380024,14:00,17,32.76,0
805,25,1528380025,14:00,17,32.76,0
806,25,1528380026,14:00,17,32.76,0
807,25,1528380027,14:00,17,32.76,0
808,25,1528380028,14:00,17,32.76,0
809,25,1528380029,14:00,17,32.76,0
810,25,1528380030,14:00,17,32.76,0
811,23,1528380031,14:00,17,32.76,0
812,23,1528380032,14:00,17,32.76,0
813,23,1528380033,14:00,17,32.76,0
814,23,1528380034,14:00,17,32.76,0
815,23,1528380035,14:00,17,32.76,0
816,23,1528380036,14:00,17,32.76,0
817,23,1528380037,14:00,17,32.76,0
818,23,1528380038,14:00,17,32.76,0
819,23,1528380039,14:00,17,32.76,0
820,23,1528380040,14:00,17,32.76,0
821,23,1528380041,14:00,17,32.76,0
822,23,1528380042,14:00,17,32.76,0
823,23,1528380043,14:00,17,32.76,0
824,23,1528380044,14:00,17,32.76,0
825,21,1528380045,14:00,17,32.76,0
826,21,1528380046,14:00,17,32.76,0
827,21,1528380047,14:00,17,32.76,0
828,21,1528380048,14:00,17,32.76,0
829,21,1528380049,14:00,17,32.76,0
830,21,1528380050,14:00,17,32.76,0
831,21,1528380051,14:00,17,32.76,0
832,21,1528380052,14:00,17,32.76,0
833,21,1528380053,14:00,17,32.76,0
834,21,1528380054,14:00,17,32.76,0
835,21,1528380055,14:00,17,32.76,0
836,21,1528380056,14:00,17,32.76,0
837,21,1528380057,14:00,17,32.76,0
838,21,1528380058,14:00,17,32.76,0
839,21,1528380059,14:00,17,32.76,0
840,24,1528380060,14:01,17,32.76,0
841,23,1528380061,14:01,17,32.76,0
842,23,1528380062,14:01,17,32.76,0
843,23,1528380063,14:01,17,32.76,0
844,23,1528380064,14:01,17,32.76,0
845,24,1528380065,14:01,17,32.76,0
846,24,1528380066,14:01,17,32.76,0
847,24,1528380067,14:01,17,32.76,0
848,24,1528380068,14:01,17,32.76,0
849,24,1528380069,14:01,17,32.76,0
850,24,1528380070,14:01,17,32.76,0
851,24,1528380071,14:01,17,32.76,0
852,22,1528380072,14:01,17,32.76,0
853,23,1528380073,14:01,17,32.76,0
854,23,1528380074,14:01,17,32.76,0
855,22,1528380075,14:01,17,32.76,0
856,22,1528380076,14:01,17,32.76,0
857,22,1528380077,14:01,17,32.76,0
858,23,1528380078,14:01,17,32.76,0
859,23,1528380079,14:01,17,32.76,0
860,23,1528380080,14:01,17,32.76,0
861,23,1528380081,14:01,17,32.76,0
862,23,1528380082,14:01,17,32.76,0
863,23,1528380083,14:01,17,32.76,0
864,23,1528380084,14:01,17,32.76,0
865,23,1528380085,14:01,17,32.76,0
866,23,1528380086,14:01,17,32.76,0
867,23,1528380087,14:01,17,32.76,0
868,23,1528380088,14:01,17,32.76,0
869,23,1528380089,14:01,17,32.76,0
870,23,1528380090,14:01,17,32.76,0
871,23,1528380091,14:01,17,32.76,0
872,23,1528380092,14:01,17,32.76,0
873,22,1528380093,14:01,17,32.76,0
874,23,1528380094,14:01,17,32.76,0
875,23,1528380095,14:01,17,32.76,0
876,23,1528380096,14:01,17,32.76,0
877,23,1528380097,14:01,17,32.76,0
878,23,1528380098,14:01,17,32.76,0
879,23,1528380099,14:01,17,32.76,0
880,22,1528380100,14:01,17,32.76,0
881,22,1528380101,14:01,17,32.76,0
882,22,1528380102,14:01,17,32.76,0
883,22,1528380103,14:01,17,32.76,0
884,22,1528380104,14:01,17,32.76,0
885,22,1528380105,14:01,17,32.76,0
886,20,1528380106,14:01,17,32.76,0
887,18,1528380107,14:01,17,32.76,0
888,21,1528380108,14:01,17,32.76,0
889,21,1528380109,14:01,17,32.76,0
890,21,1528380110,14:01,17,32.76,0
891,21,1528380111,14:01,17,32.76,0
892,21,1528380112,14:01,17,32.76,0
893,21,1528380113,14:01,17,32.76,0
894,21,1528380114,14:01,17,32.76,0
895,21,1528380115,14:01,17,32.76,0
896,21,1528380116,14:01,17,32.76,0
897,20,1528380117,14:01,17,32.76,0
898,20,1528380118,14:01,17,32.76,0
899,20,1528380119,14:01,17,32.76,0
900,20,1528380120,14:02,17,32.76,0
901,20,1528380121,14:02,17,32.76,0
902,20,1528380122,14:02,17,32.76,0
903,20,1528380123,14:02,17,32.76,0
904,20,1528380124,14:02,17,32.76,0
905,20,1528380125,14:02,17,32.76,0
906,20,1528380126,14:02,17,32.76,0
907,20,1528380127,14:02,17,32.76,0
908,20,1528380128,14:02,17,32.76,0
909,19,1528380129,14:02,17,32.76,0
910,19,1528380130,14:02,17,32.76,0
911,19,1528380131,14:02,17,32.76,0
912,19,1528380132,14:02,17,32.76,0
913,19,1528380133,14:02,17,32.76,0
914,19,1528380134,14:02,17,32.76,0
915,19,1528380135,14:02,17,32.76,0
916,19,1528380136,14:02,17,32.76,0
917,20,1528380137,14:02,17,32.76,0
918,20,1528380138,14:02,17,32.76,0
919,20,1528380139,14:02,17,32.76,0
920,20,1528380140,14:02,17,32.76,0
921,20,1528380141,14:02,17,32.76,0
922,20,1528380142,14:02,17,32.76,0
923,20,1528380143,14:02,17,32.76,0
924,20,1528380144,14:02,17,32.76,0
925,20,1528380145,14:02,17,32.76,0
926,20,1528380146,14:02,17,32.76,0
927,20,1528380147,14:02,17,32.76,0
928,20,1528380148,14:02,17,32.76,0
929,20,1528380149,14:02,17,32.76,0
930,20,1528380150,14:02,17,32.76,0
931,20,1528380151,14:02,17,32.76,0
932,20,1528380152,14:02,17,32.76,0
933,20,1528380153,14:02,17,32.76,0
934,20,1528380154,14:02,17,32.76,0
935,20,1528380155,14:02,17,32.76,0
936,20,1528380156,14:02,17,32.76,0
937,24,1528380157,14:02,17,32.76,0
938,24,1528380158,14:02,17,32.76,0
939,24,1528380159,14:02,17,32.76,0
940,24,1528380160,14:02,17,32.76,0
941,24,1528380161,14:02,17,32.76,0
942,24,1528380162,14:02,17,32.76,0
943,24,1528380163,14:02,17,32.76,0
944,24,1528380164,14:02,17,32.76,0
945,24,1528380165,14:02,17,32.76,0
946,24,1528380166,14:02,17,32.76,0
947,24,1528380167,14:02,17,32.76,0
948,24,1528380168,14:02,17,32.76,0
949,24,1528380169,14:02,17,32.76,0
950,24,1528380170,14:02,17,32.76,0
951,24,1528380171,14:02,17,32.76,0
952,24,1528380172,14:02,17,32.76,0
953,24,1528380173,14:02,17,32.76,0
954,24,1528380174,14:02,17,32.76,0
955,24,1528380175,14:02,17,32.76,0
956,24,1528380176,14:02,17,32.76,0
957,24,1528380177,14:02,17,32.76,0
958,23,1528380178,14:02,17,32.76,0
959,23,1528380179,14:02,17,32.76,0
960,21,1528380180,14:03,3,32.76,0
961,21,1528380181,14:03,3,32.76,0
962,21,1528380182,14:03,3,32.76,0
963,21,1528380183,14:03,3,32.76,0
964,21,1528380184,14:03,3,32.76,0
965,20,1528380185,14:03,3,32.76,0
966,20,1528380186,14:03,3,32.76,0
967,20,1528380187,14:03,3,32.76,0
968,20,1528380188,14:03,3,32.76,0
969,20,1528380189,14:03,3,32.76,0
970,19,1528380190,14:03,3,32.76,0
971,19,1528380191,14:03,3,32.76,0
972,19,1528380192,14:03,3,32.76,0
973,18,1528380193,14:03,3,32.76,0
974,18,1528380194,14:03,3,32.76,0
975,18,1528380195,14:03,3,32.76,0
976,18,1528380196,14:03,3,32.76,0
977,18,1528380197,14:03,3,32.76,0
978,17,1528380198,14:03,3,32.76,0
979,17,1528380199,14:03,3,32.76,0
980,17,1528380200,14:03,3,32.76,0
981,17,1528380201,14:03,3,32.76,0
982,17,1528380202,14:03,3,32.76,0
983,17,1528380203,14:03,3,32.76,0
984,17,1528380204,14:03,3,32.76,0
985,17,1528380205,14:03,3,32.76,0
986,17,1528380206,14:03,3,32.76,0
987,17,1528380207,14:03,3,32.76,0
988,17,1528380208,14:03,3,32.76,0
989,17,1528380209,14:03,3,32.76,0
990,17,1528380210,14:03,3,32.76,0
991,17,1528380211,14:03,3,32.76,0
992,17,1528380212,14:03,3,32.76,0
993,20,1528380213,14:03,3,32.76,0
994,20,1528380214,14:03,3,32.76,0
995,20,1528380215,14:03,3,32.76,0
996,20,1528380216,14:03,3,32.76,0
997,20,1528380217,14:03,3,32.76,0
998,21,1528380218,14:03,3,32.76,0
999,21,1528380219,14:03,3,32.76,0
1000,21,1528380220,14:03,3,32.76,0
1001,21,1528380221,14:03,3,32.76,0
1002,22,1528380222,14:03,3,32.76,0
1003,23,1528380223,14:03,3,32.76,0
1004,23,1528380224,14:03,3,32.76,0
1005,23,1528380225,14:03,3,32.76,0
1006,23,1528380226,14:03,3,32.76,0
1007,23,1528380227,14:03,3,32.76,0
1008,20,1528380228,14:03,3,32.76,0
1009,20,1528380229,14:03,3,32.76,0
1010,20,1528380230,14:03,3,32.76,0
1011,20,1528380231,14:03,3,32.76,0
1012,21,1528380232,14:03,3,32.76,0
1013,21,1528380233,14:03,3,32.76,0
1014,21,1528380234,14:03,3,32.76,0
1015,21,1528380235,14:03,3,32.76,0
1016,21,1528380236,14:03,3,32.76,0
1017,22,1528380237,14:03,3,32.76,0
1018,22,1528380238,14:03,3,32.76,0
1019,22,1528380239,14:03,3,32.76,0
1020,22,1528380240,14:04,3,32.76,0
1021,22,1528380241,14:04,3,32.76,0
1022,22,1528380242,14:04,3,32.76,0
1023,23,1528380243,14:04,3,32.76,0
1024,23,1528380244,14:04,3,32.76,0
1025,23,1528380245,14:04,3,32.76,0
1026,23,1528380246,14:04,3,32.76,0
1027,23,1528380247,14:04,3,32.76,0
1028,23,1528380248,14:04,3,32.76,0
1029,23,1528380249,14:04,3,32.76,0
1030,23,1528380250,14:04,3,32.76,0
1031,24,1528380251,14:04,3,32.76,0
1032,24,1528380252,14:04,3,32.76,0
1033,24,1528380253,14:04,3,32.76,0
1034,25,1528380254,14:04,3,32.76,0
1035,24,1528380255,14:04,3,32.76,0
1036,24,1528380256,14:04,3,32.76,0
1037,24,1528380257,14:04,3,32.76,0
1038,25,1528380258,14:04,3,32.76,0
1039,25,1528380259,14:04,3,32.76,0
1040,25,1528380260,14:04,3,32.76,0
1041,28,1528380261,14:04,3,32.76,0
1042,28,1528380262,14:04,3,32.76,0
1043,28,1528380263,14:04,3,32.76,0
1044,28,1528380264,14:04,3,32.76,0
1045,28,1528380265,14:04,3,32.76,0
1046,28,1528380266,14:04,3,32.76,0
1047,29,1528380267,14:04,3,32.76,0
1048,29,1528380268,14:04,3,32.76,0
1049,29,1528380269,14:04,3,32.76,0
1050,29,1528380270,14:04,3,32.76,0
1051,29,1528380271,14:04,3,32.76,0
1052,29,1528380272,14:04,3,32.76,0
1053,29,1528380273,14:04,3,32.76,0
1054,30,1528380274,14:04,3,32.76,0
1055,29,1528380275,14:04,3,32.76,0
1056,29,1528380276,14:04,3,32.76,0
1057,25,1528380277,14:04,3,32.76,0
1058,26,1528380278,14:04,3,32.76,0
1059,26,1528380279,14:04,3,32.76,0
1060,26,1528380280,14:04,3,32.76,0
1061,26,1528380281,14:04,3,32.76,0
1062,26,1528380282,14:04,3,32.76,0
1063,26,1528380283,14:04,3,32.76,0
1064,26,1528380284,14:04,3,32.76,0
1065,26,1528380285,14:04,3,32.76,0
1066,26,1528380286,14:04,3,32.76,0
1067,26,1528380287,14:04,3,32.76,0
1068,25,1528380288,14:04,3,32.76,0
1069,25,1528380289,14:04,3,32.76,0
1070,26,1528380290,14:04,3,32.76,0
1071,26,1528380291,14:04,3,32.76,0
1072,26,1528380292,14:04,3,32.76,0
1073,26,1528380293,14:04,3,32.76,0
1074,26,1528380294,14:04,3,32.76,0
1075,26,1528380295,14:04,3,32.76,0
1076,26,1528380296,14:04,3,32.76,0
1077,26,1528380297,14:04,3,32.76,0
1078,26,1528380298,14:04,3,32.76,0
1079,26,1528380299,14:04,3,32.76,0
1080,26,1528380300,14:05,3,32.76,0
1081,26,1528380301,14:05,3,32.76,0
1082,26,1528380302,14:05,3,32.76,0
1083,26,1528380303,14:05,3,32.76,0
1084,26,1528380304,14:05,3,32.76,0
1085,26,1528380305,14:05,3,32.76,0
1086,27,1528380306,14:05,3,32.76,0
1087,27,1528380307,14:05,3,32.76,0
1088,27,1528380308,14:05,3,32.76,0
1089,27,1528380309,14:05,3,32.76,0
1090,27,1528380310,14:05,3,32.76,0
1091,27,1528380311,14:05,3,32.76,0
1092,27,1528380312,14:05,3,32.76,0
1093,27,1528380313,14:05,3,32.76,0
1094,27,1528380314,14:05,3,32.76,0
1095,27,1528380315,14:05,3,32.76,0
1096,27,1528380316,14:05,3,32.76,0
1097,27,1528380317,14:05,3,32.76,0
1098,27,1528380318,14:05,3,32.76,0
1099,27,1528380319,14:05,3,32.76,0
1100,27,1528380320,14:05,3,32.76,0
1101,27,1528380321,14:05,3,32.76,0
1102,28,1528380322,14:05,3,32.76,0
1103,29,1528380323,14:05,3,32.76,0
1104,29,1528380324,14:05,3,32.76,0
1105,29,1528380325,14:05,3,32.76,0
1106,29,1528380326,14:05,3,32.76,0
1107,29,1528380327,14:05,3,32.76,0
1108,29,1528380328,14:05,3,32.76,0
1109,29,1528380329,14:05,3,32.76,0
1110,28,1528380330,14:05,3,32.76,0
1111,28,1528380331,14:05,3,32.76,0
1112,28,1528380332,14:05,3,32.76,0
1113,25,1528380333,14:05,3,32.76,0
1114,25,1528380334,14:05,3,32.76,0
1115,25,1528380335,14:05,3,32.76,0
1116,25,1528380336,14:05,3,32.76,0
1117,25,1528380337,14:05,3,32.76,0
1118,24,1528380338,14:05,3,32.76,0
1119,24,1528380339,14:05,3,32.76,0
1120,24,1528380340,14:05,3,32.76,0
1121,25,1528380341,14:05,3,32.76,0
1122,24,1528380342,14:05,3,32.76,0
1123,23,1528380343,14:05,3,32.76,0
1124,23,1528380344,14:05,3,32.76,0
1125,23,1528380345,14:05,3,32.76,0
1126,23,1528380346,14:05,3,32.76,0
1127,23,1528380347,14:05,3,32.76,0
1128,23,1528380348,14:05,3,32.76,0
1129,23,1528380349,14:05,3,32.76,0
1130,23,1528380350,14:05,3,32.76,0
1131,23,1528380351,14:05,3,32.76,0
1132,23,1528380352,14:05,3,32.76,0
1133,23,1528380353,14:05,3,32.76,0
1134,23,1528380354,14:05,3,32.76,0
1135,24,1528380355,14:05,3,32.76,0
1136,23,1528380356,14:05,3,32.76,0
1137,23,1528380357,14:05,3,32.76,0
1138,23,1528380358,14:05,3,32.76,0
1139,23,1528380359,14:05,3,32.76,0
1140,22,1528380360,14:06,3,32.76,0
1141,22,1528380361,14:06,3,32.76,0
1142,22,1528380362,14:06,3,32.76,0
1143,22,1528380363,14:06,3,32.76,0
1144,22,1528380364,14:06,3,32.76,0
1145,22,1528380365,14:06,3,32.76,0
1146,23,1528380366,14:06,3,32.76,0
1147,23,1528380367,14:06,3,32.76,0
1148,23,1528380368,14:06,3,32.76,0
1149,23,1528380369,14:06,3,32.76,0
1150,23,1528380370,14:06,3,32.76,0
1151,22,1528380371,14:06,3,32.76,0
1152,22,1528380372,14:06,3,32.76,0
1153,23,1528380373,14:06,3,32.76,0
1154,22,1528380374,14:06,3,32.76,0
1155,22,1528380375,14:06,3,32.76,0
1156,22,1528380376,14:06,3,32.76,0
1157,22,1528380377,14:06,3,32.76,0
1158,23,1528380378,14:06,3,32.76,0
1159,23,1528380379,14:06,3,32.76,0
1160,22,1528380380,14:06,3,32.76,0
1161,20,1528380381,14:06,3,32.76,0
1162,20,1528380382,14:06,3,32.76,0
1163,19,1528380383,14:06,3,32.76,0
1164,19,1528380384,14:06,3,32.76,0
1165,19,1528380385,14:06,3,32.76,0
1166,19,1528380386,14:06,3,32.76,0
1167,19,1528380387,14:06,3,32.76,0
1168,19,1528380388,14:06,3,32.76,0
1169,19,1528380389,14:06,3,32.76,0
1170,19,1528380390,14:06,3,32.76,0
1171,19,1528380391,14:06,3,32.76,0
1172,20,1528380392,14:06,3,32.76,0
1173,20,1528380393,14:06,3,32.76,0
1174,18,1528380394,14:06,3,32.76,0
1175,18,1528380395,14:06,3,32.76,0
1176,18,1528380396,14:06,3,32.76,0
1177,18,1528380397,14:06,3,32.76,0
1178,17,1528380398,14:06,3,32.76,0
1179,17,1528380399,14:06,3,32.76,0
1180,16,1528380400,14:06,3,32.76,0
1181,16,1528380401,14:06,3,32.76,0
1182,16,1528380402,14:06,3,32.76,0
1183,16,1528380403,14:06,3,32.76,0
1184,17,1528380404,14:06,3,32.76,0
1185,17,1528380405,14:06,3,32.76,0
1186,17,1528380406,14:06,3,32.76,0
1187,18,1528380407,14:06,3,32.76,0
1188,18,1528380408,14:06,3,32.76,0
1189,18,1528380409,14:06,3,32.76,0
1190,17,1528380410,14:06,3,32.76,0
1191,17,1528380411,14:06,3,32.76,0
1192,17,1528380412,14:06,3,32.76,0
1193,17,1528380413,14:06,3,32.76,0
1194,18,1528380414,14:06,3,32.76,0
1195,19,1528380415,14:06,3,32.76,0
1196,19,1528380416,14:06,3,32.76,0
1197,19,1528380417,14:06,3,32.76,0
1198,19,1528380418,14:06,3,32.76,0
1199,19,1528380419,14:06,3,32.76,0
1200,18,1528380420,14:07,3,32.76,0
1201,18,1528380421,14:07,3,32.76,0
1202,18,1528380422,14:07,3,32.76,0
1203,18,1528380423,14:07,3,32.76,0
1204,18,1528380424,14:07,3,32.76,0
1205,18,1528380425,14:07,3,32.76,0
1206,17,1528380426,14:07,3,32.76,0
1207,17,1528380427,14:07,3,32.76,0
1208,17,1528380428,14:07,3,32.76,0
1209,19,1528380429,14:07,3,32.76,0
1210,19,1528380430,14:07,3,32.76,0
1211,20,1528380431,14:07,3,32.76,0
1212,20,1528380432,14:07,3,32.76,0
1213,20,1528380433,14:07,3,32.76,0
1214,20,1528380434,14:07,3,32.76,0
1215,20,1528380435,14:07,3,32.76,0
1216,20,1528380436,14:07,3,32.76,0
1217,20,1528380437,14:07,3,32.76,0
1218,20,1528380438,14:07,3,32.76,0
1219,19,1528380439,14:07,3,32.76,0
1220,19,1528380440,14:07,3,32.76,0
1221,19,1528380441,14:07,3,32.76,0
1222,18,1528380442,14:07,3,32.76,0
1223,17,1528380443,14:07,3,32.76,0
1224,17,1528380444,14:07,3,32.76,0
1225,16,1528380445,14:07,3,32.76,0
1226,16,1528380446,14:07,3,32.76,0
1227,16,1528380447,14:07,3,32.76,0
1228,16,1528380448,14:07,3,32.76,0
1229,16,1528380449,14:07,3,32.76,0
1230,17,1528380450,14:07,3,32.76,0
1231,18,1528380451,14:07,3,32.76,0
1232,18,1528380452,14:07,3,32.76,0
1233,18,1528380453,14:07,3,32.76,0
1234,18,1528380454,14:07,3,32.76,0
1235,18,1528380455,14:07,3,32.76,0
1236,18,1528380456,14:07,3,32.76,0
1237,19,1528380457,14:07,3,32.76,0
1238,19,1528380458,14:07,3,32.76,0
1239,19,1528380459,14:07,3,32.76,0
1240,19,1528380460,14:07,3,32.76,0
1241,18,1528380461,14:07,3,32.76,0
1242,19,1528380462,14:07,3,32.76,0
1243,19,1528380463,14:07,3,32.76,0
1244,19,1528380464,14:07,3,32.76,0
1245,21,1528380465,14:07,3,32.76,0
1246,21,1528380466,14:07,3,32.76,0
1247,21,1528380467,14:07,3,32.76,0
1248,22,1528380468,14:07,3,32.76,0
1249,22,1528380469,14:07,3,32.76,0
1250,22,1528380470,14:07,3,32.76,0
1251,22,1528380471,14:07,3,32.76,0
1252,22,1528380472,14:07,3,32.76,0
1253,22,1528380473,14:07,3,32.76,0
1254,22,1528380474,14:07,3,32.76,0
1255,21,1528380475,14:07,3,32.76,0
1256,21,1528380476,14:07,3,32.76,0
1257,22,1528380477,14:07,3,32.76,0
1258,22,1528380478,14:07,3,32.76,0
1259,22,1528380479,14:07,3,32.76,0
1260,22,1528380480,14:08,4,32.76,0
1261,23,1528380481,14:08,4,32.76,0
1262,23,1528380482,14:08,4,32.76,0
1263,23,1528380483,14:08,4,32.76,0
1264,23,1528380484,14:08,4,32.76,0
1265,23,1528380485,14:08,4,32.76,0
1266,22,1528380486,14:08,4,32.76,0
1267,23,1528380487,14:08,4,32.76,0
1268,24,1528380488,14:08,4,32.76,0
1269,24,1528380489,14:08,4,32.76,0
1270,24,1528380490,14:08,4,32.76,0
1271,24,1528380491,14:08,4,32.76,0
1272,24,1528380492,14:08,4,32.76,0
1273,23,1528380493,14:08,4,32.76,0
1274,23,1528380494,14:08,4,32.76,0
1275,24,1528380495,14:08,4,32.76,0
1276,24,1528380496,14:08,4,32.76,0
1277,24,1528380497,14:08,4,32.76,0
1278,24,1528380498,14:08,4,32.76,0
1279,25,1528380499,14:08,4,32.76,0
1280,25,1528380500,14:08,4,32.76,0
1281,25,1528380501,14:08,4,32.76,0
1282,25,1528380502,14:08,4,32.76,0
1283,25,1528380503,14:08,4,32.76,0
1284,25,1528380504,14:08,4,32.76,0
1285,27,1528380505,14:08,4,32.76,0
1286,27,1528380506,14:08,4,32.76,0
1287,26,1528380507,14:08,4,32.76,0
1288,26,1528380508,14:08,4,32.76,0
1289,26,1528380509,14:08,4,32.76,0
1290,26,1528380510,14:08,4,32.76,0
1291,26,1528380511,14:08,4,32.76,0
1292,26,1528380512,14:08,4,32.76,0
1293,27,1528380513,14:08,4,32.76,0
1294,27,1528380514,14:08,4,32.76,0
1295,27,1528380515,14:08,4,32.76,0
1296,27,1528380516,14:08,4,32.76,0
1297,28,1528380517,14:08,4,32.76,0
1298,28,1528380518,14:08,4,32.76,0
1299,28,1528380519,14:08,4,32.76,0
1300,28,1528380520,14:08,4,32.76,0
1301,27,1528380521,14:08,4,32.76,0
1302,28,1528380522,14:08,4,32.76,0
1303,28,1528380523,14:08,4,32.76,0
1304,27,1528380524,14:08,4,32.76,0
1305,27,1528380525,14:08,4,32.76,0
1306,27,1528380526,14:08,4,32.76,0
1307,26,1528380527,14:08,4,32.76,0
1308,27,1528380528,14:08,4,32.76,0
1309,27,1528380529,14:08,4,32.76,0
1310,27,1528380530,14:08,4,32.76,0
1311,27,1528380531,14:08,4,32.76,0
1312,27,1528380532,14:08,4,32.76,0
1313,27,1528380533,14:08,4,32.76,0
1314,26,1528380534,14:08,4,32.76,0
1315,25,1528380535,14:08,4,32.76,0
1316,25,1528380536,14:08,4,32.76,0
1317,25,1528380537,14:08,4,32.76,0
1318,25,1528380538,14:08,4,32.76,0
1319,25,1528380539,14:08,4,32.76,0
1320,25,1528380540,14:09,4,32.76,0
1321,25,1528380541,14:09,4,32.76,0
1322,25,1528380542,14:09,4,32.76,0
1323,25,1528380543,14:09,4,32.76,0
1324,25,1528380544,14:09,4,32.76,0
1325,25,1528380545,14:09,4,32.76,0
1326,25,1528380546,14:09,4,32.76,0
1327,25,1528380547,14:09,4,32.76,0
1328,25,1528380548,14:09,4,32.76,0
1329,24,1528380549,14:09,4,32.76,0
1330,24,1528380550,14:09,4,32.76,0
1331,23,1528380551,14:09,4,32.76,0
1332,23,1528380552,14:09,4,32.76,0
1333,23,1528380553,14:09,4,32.76,0
1334,25,1528380554,14:09,4,32.76,0
1335,25,1528380555,14:09,4,32.76,0
1336,25,1528380556,14:09,4,32.76,0
1337,25,1528380557,14:09,4,32.76,0
1338,26,1528380558,14:09,4,32.76,0
1339,26,1528380559,14:09,4,32.76,0
1340,26,1528380560,14:09,4,32.76,0
1341,26,1528380561,14:09,4,32.76,0
1342,26,1528380562,14:09,4,32.76,0
1343,26,1528380563,14:09,4,32.76,0
1344,26,1528380564,14:09,4,32.76,0
1345,26,1528380565,14:09,4,32.76,0
1346,26,1528380566,14:09,4,32.76,0
1347,26,1528380567,14:09,4,32.76,0
1348,26,1528380568,14:09,4,32.76,0
1349,26,1528380569,14:09,4,32.76,0
1350,25,1528380570,14:09,4,32.76,0
1351,24,1528380571,14:09,4,32.76,0
1352,24,1528380572,14:09,4,32.76,0
1353,24,1528380573,14:09,4,32.76,0
1354,25,1528380574,14:09,4,32.76,0
1355,25,1528380575,14:09,4,32.76,0
1356,26,1528380576,14:09,4,32.76,0
1357,26,1528380577,14:09,4,32.76,0
1358,26,1528380578,14:09,4,32.76,0
1359,26,1528380579,14:09,4,32.76,0
1360,25,1528380580,14:09,4,32.76,0
1361,25,1528380581,14:09,4,32.76,0
1362,25,1528380582,14:09,4,32.76,0
1363,25,1528380583,14:09,4,32.76,0
1364,25,1528380584,14:09,4,32.76,0
1365,24,1528380585,14:09,4,32.76,0
1366,24,1528380586,14:09,4,32.76,0
1367,24,1528380587,14:09,4,32.76,0
1368,24,1528380588,14:09,4,32.76,0
1369,24,1528380589,14:09,4,32.76,0
1370,24,1528380590,14:09,4,32.76,0
1371,24,1528380591,14:09,4,32.76,0
1372,24,1528380592,14:09,4,32.76,0
1373,24,1528380593,14:09,4,32.76,0
1374,24,1528380594,14:09,4,32.76,0
1375,24,1528380595,14:09,4,32.76,0
1376,24,1528380596,14:09,4,32.76,0
1377,23,1528380597,14:09,4,32.76,0
1378,23,1528380598,14:09,4,32.76,0
1379,23,1528380599,14:09,4,32.76,0
1380,22,1528380600,14:10,4,32.76,0
1381,21,1528380601,14:10,4,32.76,0
1382,21,1528380602,14:10,4,32.76,0
1383,21,1528380603,14:10,4,32.76,0
1384,21,1528380604,14:10,4,32.76,0
1385,21,1528380605,14:10,4,32.76,0
1386,21,1528380606,14:10,4,32.76,0
1387,21,1528380607,14:10,4,32.76,0
1388,22,1528380608,14:10,4,32.76,0
1389,22,1528380609,14:10,4,32.76,0
1390,22,1528380610,14:10,4,32.76,0
1391,24,1528380611,14:10,4,32.76,0
1392,24,1528380612,14:10,4,32.76,0
1393,24,1528380613,14:10,4,32.76,0
1394,24,1528380614,14:10,4,32.76,0
1395,23,1528380615,14:10,4,32.76,0
1396,23,1528380616,14:10,4,32.76,0
1397,23,1528380617,14:10,4,32.76,0
1398,22,1528380618,14:10,4,32.76,0
1399,21,1528380619,14:10,4,32.76,0
1400,21,1528380620,14:10,4,32.76,0
1401,22,1528380621,14:10,4,32.76,0
1402,22,1528380622,14:10,4,32.76,0
1403,22,1528380623,14:10,4,32.76,0
1404,23,1528380624,14:10,4,32.76,0
1405,21,1528380625,14:10,4,32.76,0
1406,21,1528380626,14:10,4,32.76,0
1407,21,1528380627,14:10,4,32.76,0
1408,21,1528380628,14:10,4,32.76,0
1409,21,1528380629,14:10,4,32.76,0
1410,21,1528380630,14:10,4,32.76,0
1411,21,1528380631,14:10,4,32.76,0
1412,21,1528380632,14:10,4,32.76,0
1413,21,1528380633,14:10,4,32.76,0
1414,21,1528380634,14:10,4,32.76,0
1415,21,1528380635,14:10,4,32.76,0
1416,21,1528380636,14:10,4,32.76,0
1417,21,1528380637,14:10,4,32.76,0
1418,20,1528380638,14:10,4,32.76,0
1419,20,1528380639,14:10,4,32.76,0
1420,20,1528380640,14:10,4,32.76,0
1421,20,1528380641,14:10,4,32.76,0
1422,19,1528380642,14:10,4,32.76,0
1423,19,1528380643,14:10,4,32.76,0
1424,19,1528380644,14:10,4,32.76,0
1425,19,1528380645,14:10,4,32.76,0
1426,19,1528380646,14:10,4,32.76,0
1427,19,1528380647,14:10,4,32.76,0
1428,18,1528380648,14:10,4,32.76,0
1429,18,1528380649,14:10,4,32.76,0
1430,18,1528380650,14:10,4,32.76,0
1431,18,1528380651,14:10,4,32.76,0
1432,18,1528380652,14:10,4,32.76,0
1433,19,1528380653,14:10,4,32.76,0
1434,19,1528380654,14:10,4,32.76,0
1435,19,1528380655,14:10,4,32.76,0
1436,20,1528380656,14:10,4,32.76,0
1437,21,1528380657,14:10,4,32.76,0
1438,23,1528380658,14:10,4,32.76,0
1439,23,1528380659,14:10,4,32.76,0
1440,23,1528380660,14:11,4,32.76,0
1441,23,1528380661,14:11,4,32.76,0
1442,23,1528380662,14:11,4,32.76,0
1443,23,1528380663,14:11,4,32.76,0
1444,23,1528380664,14:11,4,32.76,0
1445,23,1528380665,14:11,4,32.76,0
1446,23,1528380666,14:11,4,32.76,0
1447,23,1528380667,14:11,4,32.76,0
1448,23,1528380668,14:11,4,32.76,0
1449,23,1528380669,14:11,4,32.76,0
1450,23,1528380670,14:11,4,32.76,0
1451,22,1528380671,14:11,4,32.76,0
1452,22,1528380672,14:11,4,32.76,0
1453,22,1528380673,14:11,4,32.76,0
1454,20,1528380674,14:11,4,32.76,0
1455,20,1528380675,14:11,4,32.76,0
1456,20,1528380676,14:11,4,32.76,0
1457,19,1528380677,14:11,4,32.76,0
1458,18,1528380678,14:11,4,32.76,0
1459,18,1528380679,14:11,4,32.76,0
1460,18,1528380680,14:11,4,32.76,0
1461,18,1528380681,14:11,4,32.76,0
1462,18,1528380682,14:11,4,32.76,0
1463,17,1528380683,14:11,4,32.76,0
1464,17,1528380684,14:11,4,32.76,0
1465,17,1528380685,14:11,4,32.76,0
1466,17,1528380686,14:11,4,32.76,0
1467,17,1528380687,14:11,4,32.76,0
1468,17,1528380688,14:11,4,32.76,0
1469,17,1528380689,14:11,4,32.76,0
1470,17,1528380690,14:11,4,32.76,0
1471,17,1528380691,14:11,4,32.76,0
1472,17,1528380692,14:11,4,32.76,0
1473,17,1528380693,14:11,4,32.76,0
1474,17,1528380694,14:11,4,32.76,0
1475,17,1528380695,14:11,4,32.76,0
1476,15,1528380696,14:11,4,32.76,0
1477,15,1528380697,14:11,4,32.76,0
1478,15,1528380698,14:11,4,32.76,0
1479,16,1528380699,14:11,4,32.76,0
1480,16,1528380700,14:11,4,32.76,0
1481,16,1528380701,14:11,4,32.76,0
1482,15,1528380702,14:11,4,32.76,0
1483,15,1528380703,14:11,4,32.76,0
1484,15,1528380704,14:11,4,32.76,0
1485,14,1528380705,14:11,4,32.76,0
1486,14,1528380706,14:11,4,32.76,0
1487,14,1528380707,14:11,4,32.76,0
1488,14,1528380708,14:11,4,32.76,0
1489,14,1528380709,14:11,4,32.76,0
1490,14,1528380710,14:11,4,32.76,0
1491,14,1528380711,14:11,4,32.76,0
1492,14,1528380712,14:11,4,32.76,0
1493,14,1528380713,14:11,4,32.76,0
1494,14,1528380714,14:11,4,32.76,0
1495,14,1528380715,14:11,4,32.76,0
1496,14,1528380716,14:11,4,32.76,0
1497,14,1528380717,14:11,4,32.76,0
1498,14,1528380718,14:11,4,32.76,0
1499,14,1528380719,14:11,4,32.76,0
1500,14,1528380720,14:12,4,32.76,0
1501,14,1528380721,14:12,4,32.76,0
1502,14,1528380722,14:12,4,32.76,0
1503,14,1528380723,14:12,4,32.76,0
1504,14,1528380724,14:12,4,32.76,0
1505,14,1528380725,14:12,4,32.76,0
1506,14,1528380726,14:12,4,32.76,0
1507,14,1528380727,14:12,4,32.76,0
1508,13,1528380728,14:12,4,32.76,0
1509,14,1528380729,14:12,4,32.76,0
1510,14,1528380730,14:12,4,32.76,0
1511,12,1528380731,14:12,4,32.76,0
1512,13,1528380732,14:12,4,32.76,0
1513,14,1528380733,14:12,4,32.76,0
1514,14,1528380734,14:12,4,32.76,0
1515,14,1528380735,14:12,4,32.76,0
1516,14,1528380736,14:12,4,32.76,0
1517,14,1528380737,14:12,4,32.76,0
1518,14,1528380738,14:12,4,32.76,0
1519,15,1528380739,14:12,4,32.76,0
1520,15,1528380740,14:12,4,32.76,0
1521,14,1528380741,14:12,4,32.76,0
1522,15,1528380742,14:12,4,32.76,0
1523,15,1528380743,14:12,4,32.76,0
1524,14,1528380744,14:12,4,32.76,0
1525,14,1528380745,14:12,4,32.76,0
1526,14,1528380746,14:12,4,32.76,0
1527,14,1528380747,14:12,4,32.76,0
1528,14,1528380748,14:12,4,32.76,0
1529,14,1528380749,14:12,4,32.76,0
1530,16,1528380750,14:12,4,32.76,0
1531,18,1528380751,14:12,4,32.76,0
1532,18,1528380752,14:12,4,32.76,0
1533,18,1528380753,14:12,4,32.76,0
1534,19,1528380754,14:12,4,32.76,0
1535,19,1528380755,14:12,4,32.76,0
1536,19,1528380756,14:12,4,32.76,0
1537,19,1528380757,14:12,4,32.76,0
1538,19,1528380758,14:12,4,32.76,0
1539,19,1528380759,14:12,4,32.76,0
1540,19,1528380760,14:12,4,32.76,0
1541,20,1528380761,14:12,4,32.76,0
1542,20,1528380762,14:12,4,32.76,0
1543,20,1528380763,14:12,4,32.76,0
1544,20,1528380764,14:12,4,32.76,0
1545,20,1528380765,14:12,4,32.76,0
1546,21,1528380766,14:12,4,32.76,0
1547,21,1528380767,14:12,4,32.76,0
1548,23,1528380768,14:12,4,32.76,0
1549,23,1528380769,14:12,4,32.76,0
1550,24,1528380770,14:12,4,32.76,0
1551,24,1528380771,14:12,4,32.76,0
1552,24,1528380772,14:12,4,32.76,0
1553,24,1528380773,14:12,4,32.76,0
1554,24,1528380774,14:12,4,32.76,0
1555,24,1528380775,14:12,4,32.76,0
1556,23,1528380776,14:12,4,32.76,0
1557,22,1528380777,14:12,4,32.76,0
1558,20,1528380778,14:12,4,32.76,0
1559,20,1528380779,14:12,4,32.76,0
1560,20,1528380780,14:13,4,32.76,0
1561,20,1528380781,14:13,4,32.76,0
1562,20,1528380782,14:13,4,32.76,0
1563,20,1528380783,14:13,4,32.76,0
1564,20,1528380784,14:13,4,32.76,0
1565,20,1528380785,14:13,4,32.76,0
1566,20,1528380786,14:13,4,32.76,0
1567,20,1528380787,14:13,4,32.76,0
1568,20,1528380788,14:13,4,32.76,0
1569,20,1528380789,14:13,4,32.76,0
1570,20,1528380790,14:13,4,32.76,0
1571,20,1528380791,14:13,4,32.76,0
1572,20,1528380792,14:13,4,32.76,0
1573,21,1528380793,14:13,4,32.76,0
1574,21,1528380794,14:13,4,32.76,0
1575,21,1528380795,14:13,4,32.76,0
1576,21,1528380796,14:13,4,32.76,0
1577,21,1528380797,14:13,4,32.76,0
1578,21,1528380798,14:13,4,32.76,0
1579,21,1528380799,14:13,4,32.76,0
1580,21,1528380800,14:13,4,32.76,0
1581,21,1528380801,14:13,4,32.76,0
1582,21,1528380802,14:13,4,32.76,0
1583,21,1528380803,14:13,4,32.76,0
1584,21,1528380804,14:13,4,32.76,0
1585,21,1528380805,14:13,4,32.76,0
1586,22,1528380806,14:13,4,32.76,0
1587,22,1528380807,14:13,4,32.76,0
1588,22,1528380808,14:13,4,32.76,0
1589,22,1528380809,14:13,4,32.76,0
1590,22,1528380810,14:13,4,32.76,0
1591,22,1528380811,14:13,4,32.76,0
1592,22,1528380812,14:13,4,32.76,0
1593,22,1528380813,14:13,4,32.76,0
1594,21,1528380814,14:13,4,32.76,0
1595,21,1528380815,14:13,4,32.76,0
1596,21,1528380816,14:13,4,32.76,0
1597,21,1528380817,14:13,4,32.76,0
1598,21,1528380818,14:13,4,32.76,0
1599,20,1528380819,14:13,4,32.76,0
1600,20,1528380820,14:13,4,32.76,0
1601,20,1528380821,14:13,4,32.76,0
1602,20,1528380822,14:13,4,32.76,0
1603,20,1528380823,14:13,4,32.76,0
1604,20,1528380824,14:13,4,32.76,0
1605,20,1528380825,14:13,4,32.76,0
1606,21,1528380826,14:13,4,32.76,0
1607,21,1528380827,14:13,4,32.76,0
1608,21,1528380828,14:13,4,32.76,0
1609,21,1528380829,14:13,4,32.76,0
1610,21,1528380830,14:13,4,32.76,0
1611,21,1528380831,14:13,4,32.76,0
1612,21,1528380832,14:13,4,32.76,0
1613,21,1528380833,14:13,4,32.76,0
1614,21,1528380834,14:13,4,32.76,0
1615,21,1528380835,14:13,4,32.76,0
1616,21,1528380836,14:13,4,32.76,0
1617,21,1528380837,14:13,4,32.76,0
1618,21,1528380838,14:13,4,32.76,0
1619,21,1528380839,14:13,4,32.76,0
1620,21,1528380840,14:14,3,32.76,0
1621,21,1528380841,14:14,3,32.76,0
1622,22,1528380842,14:14,3,32.76,0
1623,22,1528380843,14:14,3,32.76,0
1624,22,1528380844,14:14,3,32.76,0
1625,22,1528380845,14:14,3,32.76,0
1626,24,1528380846,14:14,3,32.76,0
1627,24,1528380847,14:14,3,32.76,0
1628,24,1528380848,14:14,3,32.76,0
1629,24,1528380849,14:14,3,32.76,0
1630,25,1528380850,14:14,3,32.76,0
1631,25,1528380851,14:14,3,32.76,0
1632,24,1528380852,14:14,3,32.76,0
1633,23,1528380853,14:14,3,32.76,0
1634,24,1528380854,14:14,3,32.76,0
1635,24,1528380855,14:14,3,32.76,0
1636,25,1528380856,14:14,3,32.76,0
1637,25,1528380857,14:14,3,32.76,0
1638,25,1528380858,14:14,3,32.76,0
1639,25,1528380859,14:14,3,32.76,0
1640,25,1528380860,14:14,3,32.76,0
1641,24,1528380861,14:14,3,32.76,0
1642,23,1528380862,14:14,3,32.76,0
1643,24,1528380863,14:14,3,32.76,0
1644,24,1528380864,14:14,3,32.76,0
1645,24,1528380865,14:14,3,32.76,0
1646,24,1528380866,14:14,3,32.76,0
1647,24,1528380867,14:14,3,32.76,0
1648,24,1528380868,14:14,3,32.76,0
1649,25,1528380869,14:14,3,32.76,0
1650,24,1528380870,14:14,3,32.76,0
1651,23,1528380871,14:14,3,32.76,0
1652,23,1528380872,14:14,3,32.76,0
1653,23,1528380873,14:14,3,32.76,0
1654,23,1528380874,14:14,3,32.76,0
1655,23,1528380875,14:14,3,32.76,0
1656,23,1528380876,14:14,3,32.76,0
1657,23,1528380877,14:14,3,32.76,0
1658,24,1528380878,14:14,3,32.76,0
1659,25,1528380879,14:14,3,32.76,0
1660,26,1528380880,14:14,3,32.76,0
1661,25,1528380881,14:14,3,32.76,0
1662,25,1528380882,14:14,3,32.76,0
1663,25,1528380883,14:14,3,32.76,0
1664,25,1528380884,14:14,3,32.76,0
1665,25,1528380885,14:14,3,32.76,0
1666,24,1528380886,14:14,3,32.76,0
1667,24,1528380887,14:14,3,32.76,0
1668,23,1528380888,14:14,3,32.76,0
1669,23,1528380889,14:14,3,32.76,0
1670,22,1528380890,14:14,3,32.76,0
1671,22,1528380891,14:14,3,32.76,0
1672,22,1528380892,14:14,3,32.76,0
1673,22,1528380893,14:14,3,32.76,0
1674,22,1528380894,14:14,3,32.76,0
1675,23,1528380895,14:14,3,32.76,0
1676,23,1528380896,14:14,3,32.76,0
1677,24,1528380897,14:14,3,32.76,0
1678,24,1528380898,14:14,3,32.76,0
1679,25,1528380899,14:14,3,32.76,0
1680,26,1528380900,14:15,3,32.76,0
1681,26,1528380901,14:15,3,32.76,0
1682,26,1528380902,14:15,3,32.76,0
1683,26,1528380903,14:15,3,32.76,0
1684,27,1528380904,14:15,3,32.76,0
1685,27,1528380905,14:15,3,32.76,0
1686,29,1528380906,14:15,3,32.76,0
1687,30,1528380907,14:15,3,32.76,0
1688,30,1528380908,14:15,3,32.76,0
1689,30,1528380909,14:15,3,32.76,0
1690,30,1528380910,14:15,3,32.76,0
1691,30,1528380911,14:15,3,32.76,0
1692,30,1528380912,14:15,3,32.76,0
1693,30,1528380913,14:15,3,32.76,0
1694,30,1528380914,14:15,3,32.76,0
1695,30,1528380915,14:15,3,32.76,0
1696,30,1528380916,14:15,3,32.76,0
1697,30,1528380917,14:15,3,32.76,0
1698,30,1528380918,14:15,3,32.76,0
1699,30,1528380919,14:15,3,32.76,0
1700,31,1528380920,14:15,3,32.76,0
1701,32,1528380921,14:15,3,32.76,0
1702,32,1528380922,14:15,3,32.76,0
1703,32,1528380923,14:15,3,32.76,0
1704,32,1528380924,14:15,3,32.76,0
1705,32,1528380925,14:15,3,32.76,0
1706,32,1528380926,14:15,3,32.76,0
1707,32,1528380927,14:15,3,32.76,0
1708,31,1528380928,14:15,3,32.76,0
1709,31,1528380929,14:15,3,32.76,0
1710,31,1528380930,14:15,3,32.76,0
1711,31,1528380931,14:15,3,32.76,0
1712,31,1528380932,14:15,3,32.76,0
1713,30,1528380933,14:15,3,32.76,0
1714,30,1528380934,14:15,3,32.76,0
1715,32,1528380935,14:15,3,32.76,0
1716,32,1528380936,14:15,3,32.76,0
1717,32,1528380937,14:15,3,32.76,0
1718,32,1528380938,14:15,3,32.76,0
1719,32,1528380939,14:15,3,32.76,0
1720,32,1528380940,14:15,3,32.76,0
1721,32,1528380941,14:15,3,32.76,0
1722,32,1528380942,14:15,3,32.76,0
1723,32,1528380943,14:15,3,32.76,0
1724,32,1528380944,14:15,3,32.76,0
1725,33,1528380945,14:15,3,32.76,0
1726,32,1528380946,14:15,3,32.76,0
1727,32,1528380947,14:15,3,32.76,0
1728,32,1528380948,14:15,3,32.76,0
1729,32,1528380949,14:15,3,32.76,0
1730,32,1528380950,14:15,3,32.76,0
1731,34,1528380951,14:15,3,32.76,0
1732,34,1528380952,14:15,3,32.76,0
1733,34,1528380953,14:15,3,32.76,0
1734,34,1528380954,14:15,3,32.76,0
1735,34,1528380955,14:15,3,32.76,0
1736,35,1528380956,14:15,3,32.76,0
1737,35,1528380957,14:15,3,32.76,0
1738,35,1528380958,14:15,3,32.76,0
